x: 5.0, y: 7.0, z: 3.0 -> Вынік: 152.4650976388017
x: 52.0, y: 52.0, z: 52.0 -> Вынік: 4.608434246909895E65
x: 4.0, y: 3.0, z: 5.0 -> Вынік: 1.4859458932124219
x: 5.0, y: 6.0, z: 7.0 -> Вынік: 106.26667388903667
